193 193 193 193 193 193 193 193 193 193 193 193 193 193 193 193
193 144 144 144 144 144 144 144 144 144 144 144 144 144 144 193
193 144  97  97 242 242 242 242 242 242 242 242  97  97 144 193
193 144  97   0 255 255 255 255 255 255 255 255   0  97 144 193
193 144 242 255 255 255 255 255 255 255 255 255 255 242 144 193
193 144 242 255 255 255 255 255 255 255 255 255 255 242 144 193
193 144 242 255 255 255 255 255 255 255 255 255 255 242 144 193
193 144 242 255 255 255 255 255 255 255 255 255 255 242 144 193
193 144 242 255 230 154  90 144 197 143  94 255 255 242 144 193
193 144 242 255 255 255 255 255 255 255 255 255 255 242 144 193
193 144 242 255 255 255 255 255 255 255 255 255 255 242 144 193
193 144 242 255 255 255 255 255 255 255 255 255 255 242 144 193
193 144  97   0 255 255 255 255 255 255 255 255   0  97 144 193
193 144  97  97 242 242 242 242 242 242 242 242  97  97 144 193
193 144 144 144 144 144 144 144 144 144 144 144 144 144 144 193
193 193 193 193 193 193 193 193 193 193 193 193 193 193 193 193
193 193 193 193 193 193 193 193 193 193 193 193 193 193 193 193
193 144 144 144 144 144 144 144 144 144 144 144 144 144 144 193
193 144  97  97 242 242 242 242 242 242 242 242  97  97 144 193
193 144  97   0 255 255 255 255 255 255 255 255   0  97 144 193
193 144 242 255 255 255 255 255 255 255 255 255 255 242 144 193
193 144 242 255 255 255 255 255 255 255 255 255 255 242 144 193
193 144 242 255 255 255 255 255 255 255 255 255 255 242 144 193
193 144 242 255 255 255 255 255 255 255 255 255 255 242 144 193
193 144 242 255 230 154  90 144 197 143  94 255 255 242 144 193
193 144 242 255 255 255 255 255 255 255 255 255 255 242 144 193
193 144 242 255 255 255 255 255 255 255 255 255 255 242 144 193
193 144 242 255 255 255 255 255 255 255 255 255 255 242 144 193
193 144  97   0 255 255 255 255 255 255 255 255   0  97 144 193
193 144  97  97 242 242 242 242 242 242 242 242  97  97 144 193
193 144 144 144 144 144 144 144 144 144 144 144 144 144 144 193
193 193 193 193 193 193 193 193 193 193 193 193 193 193 193 193
193 193 193 193 193 193 193 193 193 193 193 193 193 193 193 193
193 144 144 144 144 144 144 144 144 144 144 144 144 144 144 193
193 144  97  97 242 242 242 242 242 242 242 242  97  97 144 193
193 144  97   0 255 255 255 255 255 255 255 255   0  97 144 193
193 144 242 255 255 255 255 255 255 255 255 255 255 242 144 193
193 144 242 255 255 255 255 255 255 255 255 255 255 242 144 193
193 144 242 255 255 255 255 255 255 255 255 255 255 242 144 193
193 144 242 255 255 255 255 255 255 255 255 255 255 242 144 193
193 144 242 255 230 154  90 144 197 143  94 255 255 242 144 193
193 144 242 255 255 255 255 255 255 255 255 255 255 242 144 193
193 144 242 255 255 255 255 255 255 255 255 255 255 242 144 193
193 144 242 255 255 255 255 255 255 255 255 255 255 242 144 193
193 144  97   0 255 255 255 255 255 255 255 255   0  97 144 193
193 144  97  97 242 242 242 242 242 242 242 242  97  97 144 193
193 144 144 144 144 144 144 144 144 144 144 144 144 144 144 193
193 193 193 193 193 193 193 193 193 193 193 193 193 193 193 193

193 193 193 193 193 193 193 193 193 193 193 193 193 193 193 193
193 144 144 144 144 144 144 144 144 144 144 144 144 144 144 193
193 144  97  97 242 242 242 242 242 242 242 242  97  97 144 193
193 144  97   0 255 255 255 255 255 255 255 255   0  97 144 193
193 144 242 255 255 255 255 255 255 255 255 255 255 242 144 193
193 144 242 255 255 255 255 255 255 255 255 255 255 242 144 193
193 144 242 255 255 255 255 178  94 255 255 255 255 242 144 193
193 144 242 255 255 255 255 255 255 255 255 255 255 242 144 193
193 144 242 255 255 255 255 243 191 255 255 255 255 242 144 193
193 144 242 255 255 255 255 255 255 255 255 255 255 242 144 193
193 144 242 255 255 255 255 191 204 255 255 255 255 242 144 193
193 144 242 255 255 255 255 255 255 255 255 255 255 242 144 193
193 144  97   0 255 255 255 255 255 255 255 255   0  97 144 193
193 144  97  97 242 242 242 242 242 242 242 242  97  97 144 193
193 144 144 144 144 144 144 144 144 144 144 144 144 144 144 193
193 193 193 193 193 193 193 193 193 193 193 193 193 193 193 193
193 193 193 193 193 193 193 193 193 193 193 193 193 193 193 193
193 144 144 144 144 144 144 144 144 144 144 144 144 144 144 193
193 144  97  97 242 242 242 242 242 242 242 242  97  97 144 193
193 144  97   0 255 255 255 255 255 255 255 255   0  97 144 193
193 144 242 255 255 255 255 255 255 255 255 255 255 242 144 193
193 144 242 255 255 255 255 255 255 255 255 255 255 242 144 193
193 144 242 255 255 255 255 178  94 255 255 255 255 242 144 193
193 144 242 255 255 255 255 255 255 255 255 255 255 242 144 193
193 144 242 255 255 255 255 243 191 255 255 255 255 242 144 193
193 144 242 255 255 255 255 255 255 255 255 255 255 242 144 193
193 144 242 255 255 255 255 191 204 255 255 255 255 242 144 193
193 144 242 255 255 255 255 255 255 255 255 255 255 242 144 193
193 144  97   0 255 255 255 255 255 255 255 255   0  97 144 193
193 144  97  97 242 242 242 242 242 242 242 242  97  97 144 193
193 144 144 144 144 144 144 144 144 144 144 144 144 144 144 193
193 193 193 193 193 193 193 193 193 193 193 193 193 193 193 193
193 193 193 193 193 193 193 193 193 193 193 193 193 193 193 193
193 144 144 144 144 144 144 144 144 144 144 144 144 144 144 193
193 144  97  97 242 242 242 242 242 242 242 242  97  97 144 193
193 144  97   0 255 255 255 255 255 255 255 255   0  97 144 193
193 144 242 255 255 255 255 255 255 255 255 255 255 242 144 193
193 144 242 255 255 255 255 255 255 255 255 255 255 242 144 193
193 144 242 255 255 255 255 178  94 255 255 255 255 242 144 193
193 144 242 255 255 255 255 255 255 255 255 255 255 242 144 193
193 144 242 255 255 255 255 243 191 255 255 255 255 242 144 193
193 144 242 255 255 255 255 255 255 255 255 255 255 242 144 193
193 144 242 255 255 255 255 191 204 255 255 255 255 242 144 193
193 144 242 255 255 255 255 255 255 255 255 255 255 242 144 193
193 144  97   0 255 255 255 255 255 255 255 255   0  97 144 193
193 144  97  97 242 242 242 242 242 242 242 242  97  97 144 193
193 144 144 144 144 144 144 144 144 144 144 144 144 144 144 193
193 193 193 193 193 193 193 193 193 193 193 193 193 193 193 193

181 215 215 215 215 215 215 215 215 215 215 215 215 215 215 181
215 117 173 173 173 173 173 173 173 173 173 173 173 173 173 215
215 173 163 101 255 255 255 255 255 255 255 255 101 163 173 215
215 173 101   0 255 255 255 255 255 255 255 255   0 101 173 215
215 173 255 255 255 255 255 255 255 255 255 255 255 255 173 215
215 173 255 255 255 255 255 255 255 255 255 255 255 255 173 215
215 173 255 255 255 255 255 255 255 255 255 255 255 255 173 215
215 173 255 255 255  94 152 186 144  89 163 218 255 255 173 215
215 173 255 255 255 255 255 255 255 255 255 255 255 255 173 215
215 173 255 255 255 255 255 255 255 255 255 255 255 255 173 215
215 173 255 255 255 255 255 255 255 255 255 255 255 255 173 215
215 173 255 255 255 255 255 255 255 255 255 255 255 255 173 215
215 173 101   0 255 255 255 255 255 255 255 255   0 101 173 215
215 173 163 101 255 255 255 255 255 255 255 255 101 163 173 215
215 173 173 173 173 173 173 173 173 173 173 173 173 173 229 215
181 215 215 215 215 215 215 215 215 215 215 215 215 215 215 181
181 215 215 215 215 215 215 215 215 215 215 215 215 215 215 181
215 117 173 173 173 173 173 173 173 173 173 173 173 173 173 215
215 173 163 101 255 255 255 255 255 255 255 255 101 163 173 215
215 173 101   0 255 255 255 255 255 255 255 255   0 101 173 215
215 173 255 255 255 255 255 255 255 255 255 255 255 255 173 215
215 173 255 255 255 255 255 255 255 255 255 255 255 255 173 215
215 173 255 255 255 255 255 255 255 255 255 255 255 255 173 215
215 173 255 255 255  94 152 186 144  89 163 218 255 255 173 215
215 173 255 255 255 255 255 255 255 255 255 255 255 255 173 215
215 173 255 255 255 255 255 255 255 255 255 255 255 255 173 215
215 173 255 255 255 255 255 255 255 255 255 255 255 255 173 215
215 173 255 255 255 255 255 255 255 255 255 255 255 255 173 215
215 173 101   0 255 255 255 255 255 255 255 255   0 101 173 215
215 173 163 101 255 255 255 255 255 255 255 255 101 163 173 215
215 173 173 173 173 173 173 173 173 173 173 173 173 173 229 215
181 215 215 215 215 215 215 215 215 215 215 215 215 215 215 181
181 215 215 215 215 215 215 215 215 215 215 215 215 215 215 181
215 117 173 173 173 173 173 173 173 173 173 173 173 173 173 215
215 173 163 101 255 255 255 255 255 255 255 255 101 163 173 215
215 173 101   0 255 255 255 255 255 255 255 255   0 101 173 215
215 173 255 255 255 255 255 255 255 255 255 255 255 255 173 215
215 173 255 255 255 255 255 255 255 255 255 255 255 255 173 215
215 173 255 255 255 255 255 255 255 255 255 255 255 255 173 215
215 173 255 255 255  94 152 186 144  89 163 218 255 255 173 215
215 173 255 255 255 255 255 255 255 255 255 255 255 255 173 215
215 173 255 255 255 255 255 255 255 255 255 255 255 255 173 215
215 173 255 255 255 255 255 255 255 255 255 255 255 255 173 215
215 173 255 255 255 255 255 255 255 255 255 255 255 255 173 215
215 173 101   0 255 255 255 255 255 255 255 255   0 101 173 215
215 173 163 101 255 255 255 255 255 255 255 255 101 163 173 215
215 173 173 173 173 173 173 173 173 173 173 173 173 173 229 215
181 215 215 215 215 215 215 215 215 215 215 215 215 215 215 181

181 215 215 215 215 215 215 215 215 215 215 215 215 215 215 181
215 117 173 173 173 173 173 173 173 173 173 173 173 173 173 215
215 173 163 101 255 255 255 255 255 255 255 255 101 163 173 215
215 173 101   0 255 255 255 255 255 255 255 255   0 101 173 215
215 173 255 255 255 255 255 255 255 255 255 255 255 255 173 215
215 173 255 255 255 255 255 255 255 255 255 255 255 255 173 215
215 173 255 255 255 255 255 204 191 255 255 255 255 255 173 215
215 173 255 255 255 255 255 191 243 255 255 255 255 255 173 215
215 173 255 255 255 255 255 255 255 255 255 255 255 255 173 215
215 173 255 255 255 255 255 255 255 255 255 255 255 255 173 215
215 173 255 255 255 255 255  94 178 255 255 255 255 255 173 215
215 173 255 255 255 255 255 255 255 255 255 255 255 255 173 215
215 173 101   0 255 255 255 255 255 255 255 255   0 101 173 215
215 173 163 101 255 255 255 255 255 255 255 255 101 163 173 215
215 173 173 173 173 173 173 173 173 173 173 173 173 173 229 215
181 215 215 215 215 215 215 215 215 215 215 215 215 215 215 181
181 215 215 215 215 215 215 215 215 215 215 215 215 215 215 181
215 117 173 173 173 173 173 173 173 173 173 173 173 173 173 215
215 173 163 101 255 255 255 255 255 255 255 255 101 163 173 215
215 173 101   0 255 255 255 255 255 255 255 255   0 101 173 215
215 173 255 255 255 255 255 255 255 255 255 255 255 255 173 215
215 173 255 255 255 255 255 255 255 255 255 255 255 255 173 215
215 173 255 255 255 255 255 204 191 255 255 255 255 255 173 215
215 173 255 255 255 255 255 191 243 255 255 255 255 255 173 215
215 173 255 255 255 255 255 255 255 255 255 255 255 255 173 215
215 173 255 255 255 255 255 255 255 255 255 255 255 255 173 215
215 173 255 255 255 255 255  94 178 255 255 255 255 255 173 215
215 173 255 255 255 255 255 255 255 255 255 255 255 255 173 215
215 173 101   0 255 255 255 255 255 255 255 255   0 101 173 215
215 173 163 101 255 255 255 255 255 255 255 255 101 163 173 215
215 173 173 173 173 173 173 173 173 173 173 173 173 173 229 215
181 215 215 215 215 215 215 215 215 215 215 215 215 215 215 181
181 215 215 215 215 215 215 215 215 215 215 215 215 215 215 181
215 117 173 173 173 173 173 173 173 173 173 173 173 173 173 215
215 173 163 101 255 255 255 255 255 255 255 255 101 163 173 215
215 173 101   0 255 255 255 255 255 255 255 255   0 101 173 215
215 173 255 255 255 255 255 255 255 255 255 255 255 255 173 215
215 173 255 255 255 255 255 255 255 255 255 255 255 255 173 215
215 173 255 255 255 255 255 204 191 255 255 255 255 255 173 215
215 173 255 255 255 255 255 191 243 255 255 255 255 255 173 215
215 173 255 255 255 255 255 255 255 255 255 255 255 255 173 215
215 173 255 255 255 255 255 255 255 255 255 255 255 255 173 215
215 173 255 255 255 255 255  94 178 255 255 255 255 255 173 215
215 173 255 255 255 255 255 255 255 255 255 255 255 255 173 215
215 173 101   0 255 255 255 255 255 255 255 255   0 101 173 215
215 173 163 101 255 255 255 255 255 255 255 255 101 163 173 215
215 173 173 173 173 173 173 173 173 173 173 173 173 173 229 215
181 215 215 215 215 215 215 215 215 215 215 215 215 215 215 181
